# Frame list with one line of data per frame:
#   FRAME_ID, RIG_ID, RIG_FROM_WORLD[QW, QX, QY, QZ, TX, TY, TZ], NUM_DATA_IDS, DATA_IDS[] as (SENSOR_TYPE, SENSOR_ID, DATA_ID)
# Number of frames: 100
1 1 -0.49863221006083991 0.16244628744675879 0.69255152683199517 0.49532767484492501 0.45858768513713971 -2.5327680147440796 3.577228235089891 1 CAMERA 1 1
2 1 0.63774694841215507 -0.19966315675578475 -0.60076963158784713 -0.43873602927854177 0.38447078919977579 -2.4618120169207973 3.3810653417227008 1 CAMERA 1 2
3 1 0.93481571966110033 -0.35350230489766798 0.027669070936304378 0.019751284010336219 -0.34111155572384999 -2.5648212877572591 3.6129358736069763 1 CAMERA 1 3
4 1 0.62787033005969528 -0.24698643159494843 0.62938689665814795 0.38554984833838191 -0.34436240918777278 -2.713215762194928 4.389882779447329 1 CAMERA 1 4
5 1 -0.13380636853620353 0.031558252178243908 0.76815680629658178 0.62532795667461072 0.4244558231740016 -2.5495896389973352 3.6033624437295737 1 CAMERA 1 5
6 1 0.36997899408482038 -0.12072303058074946 0.73837376123200293 0.55076826574112725 0.0099455918371879146 -2.7194338857214646 3.9994746291942374 1 CAMERA 1 6
7 1 0.61564081051436326 0.030517734004293542 -0.43517037553050897 -0.65626351765209157 0.41678431803140664 -1.1763311215820211 2.0678923481065601 1 CAMERA 1 7
8 1 0.96099202066206046 0.060765232448884265 -0.14691472552364468 -0.22631391069396309 -0.095951651356046622 -0.90631258886067134 1.9290446316175829 1 CAMERA 1 8
9 1 -0.41992898952452867 0.0019313310584965237 0.54255210823313971 0.72752534221773091 0.47902131816624027 -1.6045432783682743 2.3399521868814945 1 CAMERA 1 9
10 1 0.95739085242196353 -0.28857918479174344 -0.0094668510047332174 -0.0059319925601209892 -0.31372358264432409 -2.4103682280872745 3.2457377377141738 1 CAMERA 1 10
11 1 0.65982005308972824 -0.14493675038059906 0.55859350928991447 0.48125266472920264 -0.33805454835852489 -2.5405166088362652 3.5474866899180366 1 CAMERA 1 11
12 1 0.48892320042142751 -0.15823549580666019 0.70254920641589402 0.49228065625300249 -0.17616659813420801 -2.7067303862497281 4.1583056402145324 1 CAMERA 1 12
13 1 0.97413837086315402 -0.14278482324401653 -0.1237698783100635 -0.12388682692831894 -0.18447025683926904 -1.8923982547884424 2.5463582628853292 1 CAMERA 1 13
14 1 -0.39253986193498536 0.15579595125494175 0.76871595503144075 0.48032890694266001 0.47617765800748935 -2.6488686038975491 4.0185648208018208 1 CAMERA 1 14
15 1 0.18769372452968258 0.038264936094740833 0.41873371883926003 0.8876761420387983 0.16918459283116133 -1.0885509065329984 1.9940921447019468 1 CAMERA 1 15
16 1 0.94523169077190394 0.074545653078751994 0.16703013273466027 0.27033485000308782 -0.46863509706920509 -1.1700540013540572 2.0707980748996748 1 CAMERA 1 16
17 1 0.0028903959216223366 -0.0033264752452675647 0.7063547891678974 0.70784425687677521 0.34324197490533681 -2.3704775885355889 3.1976045141478155 1 CAMERA 1 17
18 1 0.15396492554015656 -0.043832645321595247 0.77381295714667331 0.6128515385143829 0.21390047272058013 -2.643858940118224 3.8626438086457879 1 CAMERA 1 18
19 1 0.62795865733888057 -0.11592926890879679 0.56493188518366511 0.52257085106830503 -0.29795902639134514 -2.4855068258645852 3.3992124963339365 1 CAMERA 1 19
20 1 0.90663741957122856 -0.34829654318373465 -0.20026782483537794 -0.12880568999540107 -0.13405666660699922 -2.5453062346927462 3.5299424670562156 1 CAMERA 1 20
21 1 0.96671797685844807 -0.16046000224619769 0.14173403460140477 0.14007285366361003 -0.42856613549149947 -2.1047581116588772 2.8063005933782112 1 CAMERA 1 21
22 1 0.87490142750677591 -0.13031909368247266 -0.32999310852477143 -0.32964977520778482 0.1067215395670188 -1.8868958814408381 2.5267274466854865 1 CAMERA 1 22
23 1 0.57260392751628009 -0.063084405598796842 -0.55420691849945147 -0.60083258188160849 0.43960110980828371 -1.9091509500687009 2.5963102969397918 1 CAMERA 1 23
24 1 0.93861537502800874 0.14362805825118025 -0.14636569272462346 -0.27739726501403555 -0.054917639831057796 -0.4289153378425225 1.8021967863514146 1 CAMERA 1 24
25 1 -0.43402251499899502 0.17738759252795688 0.7518412234411761 0.46356539260988622 0.46440459251858174 -2.6501290071531796 4.0074123696905266 1 CAMERA 1 25
26 1 0.97500112125994209 0.049634074363928943 0.11857038795088011 0.18124661460305821 -0.44092074402103953 -1.2189134113694859 2.0928220973747318 1 CAMERA 1 26
27 1 0.52567450099132285 -0.20214519551343282 -0.69658477313043532 -0.4444921740381711 0.44657680389627546 -2.6093737954630423 3.8122778734858072 1 CAMERA 1 27
28 1 0.61308092695055272 -0.005589221150123942 0.47853478631839197 0.62857377920145308 -0.26938190153504638 -1.9744877806228007 2.6305071021055091 1 CAMERA 1 28
29 1 0.92765084400282138 -0.21542195486968979 0.23090481566629664 0.1993495901252072 -0.46167443009716602 -2.3487452444642365 3.1752011096471153 1 CAMERA 1 29
30 1 0.71934076286801552 -0.20037668546946488 -0.52453208700522591 -0.40897938884334373 0.31180007720228475 -2.3545387752033631 3.1519073950225773 1 CAMERA 1 30
31 1 0.096194543185938231 0.0081930320244540163 0.5228107420624144 0.84696423305334589 0.25473451315764856 -1.582801801988013 2.2885415390296466 1 CAMERA 1 31
32 1 0.62593878918896806 -0.03221236628954547 0.49750665810963335 0.59970836310932096 -0.28311156188786535 -2.1173576112933028 2.7975448274195074 1 CAMERA 1 32
33 1 0.87069501099591551 -0.23486710441109865 -0.33843637940474586 -0.26867909890383285 0.066411831267071078 -2.2856701008469491 3.0074696365978606 1 CAMERA 1 33
34 1 0.7694518145302266 -0.15076150949297329 -0.45760303972671823 -0.4193021946095794 0.26457899340138347 -2.0932119256731991 2.7690062501972448 1 CAMERA 1 34
35 1 -0.11259860454912587 0.033099699703412234 0.80511493855568472 0.58139134827378502 0.41395905514433601 -2.64209137085945 3.9194563630899295 1 CAMERA 1 35
36 1 0.00022469738754640986 0.00049491848136721639 0.42984683068338359 0.90290165949467138 0.32782104324228539 -1.0122464939430442 1.9789877140126186 1 CAMERA 1 36
37 1 0.85284181586375285 -0.058780931637810008 0.3377659456153253 0.39385251703219193 -0.47360440610514865 -1.9801162649349289 2.6706644828392618 1 CAMERA 1 37
38 1 0.54949089538823293 0.054638708471986194 -0.4261354307367744 -0.71657725479723067 0.45017616757164552 -0.99271667190668034 1.9880591682901803 1 CAMERA 1 38
39 1 0.86072173729620105 -0.23589355097740466 -0.35476760656936923 -0.27866156692683919 0.088541400964524897 -2.302278711349083 3.0321206679802746 1 CAMERA 1 39
40 1 0.5348484968872419 -0.0015441938784878742 0.50756227795625519 0.67551109157332179 -0.18703315062949585 -1.9866245822371589 2.6306187966079566 1 CAMERA 1 40
41 1 0.99896772542030143 0.041640594228382351 0.009029520342726978 0.015748404467659471 -0.33611753478452217 -1.1288842350485286 2.0331573499909066 1 CAMERA 1 41
42 1 0.83878470151681184 0.1499742209943585 0.23233727448039079 0.46900676799542229 -0.4638403271344641 -0.88527819200744995 1.9504603700177219 1 CAMERA 1 42
43 1 0.91638737019083005 -0.37658028898451235 -0.11630911025364865 -0.069954732327988656 -0.21962124214551709 -2.5946340269617068 3.6847201231932125 1 CAMERA 1 43
44 1 -0.32612524753724398 -0.061137227570530334 0.41188229068064364 0.84867988131416561 0.47802222222870944 -0.77664699183204089 1.9203594522202436 1 CAMERA 1 44
45 1 0.69366077857553954 -0.23919053159133008 -0.56022992981110997 -0.38440218470616438 0.32730620576636466 -2.5061909272506009 3.4626072083478983 1 CAMERA 1 45
46 1 0.8515608963204272 -0.10870964234463132 -0.35465305829749905 -0.37046924536253167 0.15264675426995822 -1.8097899151123358 2.4607707136635284 1 CAMERA 1 46
47 1 0.4169669734972315 0.051615366971060964 0.44898702490770437 0.78859688584823262 -0.061480076229308421 -1.4829048413076502 2.206829839456022 1 CAMERA 1 47
48 1 -0.34882466504321263 0.046356216675430668 0.65156339667769547 0.67203987556011524 0.48032645586091827 -2.1481879446092642 2.875880185534518 1 CAMERA 1 48
49 1 0.96595607365669023 -0.25075176398726723 0.048506654653539372 0.041225248056826855 -0.36041100397862574 -2.3277713742601494 3.105766384037898 1 CAMERA 1 49
50 1 0.69921367286813385 -0.25707389515847784 0.56178605802675108 0.35973556553260938 -0.4150792031589341 -2.6896726482584792 4.2031036095416674 1 CAMERA 1 50
51 1 0.9510217766854786 -0.080266981510868252 -0.19798636387929919 -0.22341931802550899 -0.06397676251575167 -1.6163726298504357 2.3011515826154794 1 CAMERA 1 51
52 1 0.90361678040039939 -0.18958141727544309 -0.28689257237556159 -0.25539822301336379 0.016423957566853272 -2.0998772455610948 2.7571759085677403 1 CAMERA 1 52
53 1 0.74911519829927009 -0.28355965339548767 -0.50212487309515763 -0.32602293548529382 0.2356603324245741 -2.5480645826773096 3.5433045690609886 1 CAMERA 1 53
54 1 0.8342834479136062 0.18878019457086476 -0.20838156608348621 -0.47424707652421572 0.15724417151428388 -0.066172412537068334 1.770446059904641 1 CAMERA 1 54
55 1 -0.43279391019777785 -0.036836389780160073 0.47246921521185903 0.76688027250723578 0.48081785992945048 -1.1821313243819109 2.0798058642263793 1 CAMERA 1 55
56 1 0.56170789023218282 -0.22309252327529405 -0.67778839754725717 -0.41870856243919069 0.43356399160597286 -2.6175993394670178 3.8414583760393439 1 CAMERA 1 56
57 1 0.097730036495247322 -0.018964906268305052 0.71678110729358735 0.69015506701309592 0.26665031668437128 -2.4527171465592903 3.3397912552691111 1 CAMERA 1 57
58 1 0.56187362930973339 -0.051035824974925453 0.55239737981695569 0.61363711102474838 -0.22110264964210247 -2.2740490189530251 3.0009708644131683 1 CAMERA 1 58
59 1 0.91632759021495302 -0.0080104230313996858 -0.24190262575462104 -0.31900266485835982 0.040535600417192716 -1.2635225872654556 2.0747803385587775 1 CAMERA 1 59
60 1 0.61421604540459129 -0.18768458617003844 0.62085514760667038 0.44950198149955478 -0.31480429048201874 -2.6705744820833339 3.9980064321346482 1 CAMERA 1 60
61 1 0.91848564466941141 0.15300893848433364 -0.16535403385026207 -0.32500835184585602 -0.0055340139356985481 -0.35370840389801333 1.7878909172825566 1 CAMERA 1 61
62 1 0.74716788186808492 -0.28532253405554808 0.50932087971953688 0.31768451228632044 -0.45743035628119061 -2.6809765211017753 4.1902489076959197 1 CAMERA 1 62
63 1 0.52010130184811676 -0.028000090839327144 -0.54364445503746128 -0.65814993522441778 0.46332433643721993 -1.7316356646459441 2.4371535006011258 1 CAMERA 1 63
64 1 0.91600564996362754 -0.38173619741599418 -0.1058885648545262 -0.063235564757010934 -0.23138685101059792 -2.6037936059933364 3.7144041388444275 1 CAMERA 1 64
65 1 0.50890973824185837 -0.10866627191518283 -0.63926224516805819 -0.56616808597213619 0.46102175897196168 -2.2839952707269617 3.0737813968885033 1 CAMERA 1 65
66 1 0.73980856875968171 -0.2350377878418112 0.51405007061415342 0.36495622309773412 -0.43292815589476652 -2.6394920689230474 3.9178075767831251 1 CAMERA 1 66
67 1 0.48380251097026872 -0.092982605396043042 0.64357838461734906 0.58574416627564485 -0.14494940910056359 -2.54357019919276 3.5055379508816196 1 CAMERA 1 67
68 1 0.803710287723709 -0.0014360552701507788 -0.35393353508336389 -0.47830823105579867 0.23624600014103939 -1.2753147646732059 2.0960987773504312 1 CAMERA 1 68
69 1 0.55918964791685644 -0.22310391953708111 -0.67896779093698056 -0.42015987150127831 0.43110249061495165 -2.6192874645632163 3.8463165614504637 1 CAMERA 1 69
70 1 0.91068885627451301 0.26335044835720561 0.10998172532541269 0.29865761082203096 -0.47236648479437043 -0.11763223434437031 1.8043049253236487 1 CAMERA 1 70
71 1 0.37780342339793305 -0.11335106337685143 0.73869882712866197 0.54657126936830336 -0.038480199618020537 -2.6976808254923461 4.0601158015032244 1 CAMERA 1 71
72 1 0.92212581944077721 -0.086521276572446237 0.25099425224978117 0.28142481617391618 -0.47863076421672746 -1.9609437594672621 2.655558148567021 1 CAMERA 1 72
73 1 0.54903670806464333 -0.099163820609586728 0.6080169329551387 0.56483682521545631 -0.21708264490465431 -2.5060718632115937 3.4312207950353453 1 CAMERA 1 73
74 1 -0.15730717534211897 0.039226761144116384 0.77149299882502742 0.61523513111654538 0.43588068033826893 -2.5594259819301786 3.6373671955989217 1 CAMERA 1 74
75 1 0.77261390788554529 -0.27885634351277383 -0.47367743527825662 -0.31770517202703052 0.20786071115371027 -2.5134591289138695 3.4442059170878876 1 CAMERA 1 75
76 1 0.8443313167744072 -0.22592492173967729 0.37888540866605325 0.30415194286881414 -0.46799777875835702 -2.5112852533977943 3.4979179790711843 1 CAMERA 1 76
77 1 0.94257564368807378 -0.29290176781772465 -0.12924053289409157 -0.095166144150724857 -0.20145399144761034 -2.4041591791795103 3.2318515548754694 1 CAMERA 1 77
78 1 0.88101100197106941 -0.3611238099207022 -0.26033901778226032 -0.16010248010089348 -0.072296517175278213 -2.5835962152829013 3.625712982987499 1 CAMERA 1 78
79 1 0.086837662992199666 0.0091531297556092118 0.51403259489188302 0.85331467342970702 0.25848750104448664 -1.5298755179527572 2.2500642749949393 1 CAMERA 1 79
80 1 0.66802162984334812 -0.21058886979268363 -0.57771341742027327 -0.41910218003902838 0.36026387470605042 -2.4570790529940165 3.3621922375186308 1 CAMERA 1 80
81 1 -0.50029236961475765 -0.03200073615486658 0.46872734993541187 0.72730885407323576 0.46823859470841939 -1.2179676715352339 2.0960216616897083 1 CAMERA 1 81
82 1 0.42757589303474186 -0.021717022866202574 0.57776709099604273 0.69490460868765469 -0.075585801591829871 -2.1844625186280475 2.8569740781841224 1 CAMERA 1 82
83 1 0.77954102223736366 -0.03159141994933095 0.39422663863816149 0.4856986043039116 -0.42673815094908701 -1.9647676184251917 2.644489659990779 1 CAMERA 1 83
84 1 0.94204365302418525 -0.20797349320798358 -0.19881741380135917 -0.17254685708252288 -0.10282585367751607 -2.142805279380358 2.812317986660998 1 CAMERA 1 84
85 1 0.82465866300987156 -0.30771076716688983 0.39684593730019896 0.26031802730633519 -0.46970677863778409 -2.6542233981281207 3.9831088364285057 1 CAMERA 1 85
86 1 0.64332582346603695 0.1016291626612905 -0.34955563541879359 -0.67350891301115978 0.39462385287781393 -0.59543602997403688 1.8611444067600449 1 CAMERA 1 86
87 1 0.51944106359328224 0.16549480589654156 -0.27017744698339308 -0.79359725164335182 0.4549022002815884 0.10757945967200427 1.8023790660095256 1 CAMERA 1 87
88 1 0.64368953361200132 0.046966222753837904 0.41146847235028777 0.64354615568762574 -0.30327017891520547 -1.6223787835868451 2.3190322206087002 1 CAMERA 1 88
89 1 0.9997843051079468 0.018118288211738845 -0.0061497943720306555 -0.0080778042361832857 -0.32135332529797189 -1.2279151361241574 2.078567703742392 1 CAMERA 1 89
90 1 0.91092356247507811 -0.21566539660167472 -0.26876857815912558 -0.22687034057072522 -0.01592048866067412 -2.1875963616324725 2.8684671300995066 1 CAMERA 1 90
91 1 0.79224758067697931 0.14060406914909024 0.26459150012917787 0.53156900277347108 -0.43537216116496119 -0.9657397742618975 1.9739274568651801 1 CAMERA 1 91
92 1 0.42089171560148014 -0.17825406893375254 0.76926580361850416 0.44643675255267795 -0.10967578910040579 -2.7303650094427478 4.6510514656024524 1 CAMERA 1 92
93 1 0.96115280332905151 -0.19169236400010506 -0.14756115268521067 -0.132909865905316 -0.16150995930416753 -2.080190947551908 2.7449347514842852 1 CAMERA 1 93
94 1 0.86820208112009079 -0.15584963179177377 -0.34296615706073841 -0.32297097968718613 0.11101417220037396 -2.0017092679209054 2.6447701163682353 1 CAMERA 1 94
95 1 0.96478402836635901 -0.0352277513498074 0.16152672419756878 0.2045969244979485 -0.45577330146146161 -1.6503992271520871 2.3683405439981469 1 CAMERA 1 95
96 1 0.84578613023153182 -0.23660827695426154 0.37581309847782196 0.29568033447830927 -0.46665031410088897 -2.5305371755982393 3.5441398501595116 1 CAMERA 1 96
97 1 0.99906623570799957 0.042385627562293367 0.0049029696842583619 0.0067879402379355212 -0.33741723396412815 -1.1192864834614646 2.0262935657964829 1 CAMERA 1 97
98 1 0.85233030043012181 -0.18241585700456783 -0.36773129342972621 -0.32408518928591623 0.13055742286585609 -2.123420895798509 2.7864706491490328 1 CAMERA 1 98
99 1 0.93834211712551296 -0.20100701887725267 -0.21129193264473833 -0.18565012466933911 -0.085164498901074401 -2.1200735423012098 2.7818454301939242 1 CAMERA 1 99
100 1 0.45353565912826427 0.004348336526087182 0.52480222506757002 0.72032570579750543 -0.095944428333254658 -1.9540723592345353 2.5914394953050817 1 CAMERA 1 100
