# Frame list with one line of data per frame:
#   FRAME_ID, RIG_ID, RIG_FROM_WORLD[QW, QX, QY, QZ, TX, TY, TZ], NUM_DATA_IDS, DATA_IDS[] as (SENSOR_TYPE, SENSOR_ID, DATA_ID)
# Number of frames: 100
1 1 0.57478758701586774 0.084596046557057061 -0.51855632598736934 -0.62734526020196701 -0.10832848437355454 -1.5656230913058131 2.0158317768717477 1 CAMERA 1 1
2 1 -0.4555062280355458 0.0099885252365317732 0.71835392587003277 0.52572040360969463 0.061887143162570067 -2.4672155930171167 2.9462699844121558 1 CAMERA 1 2
3 1 0.65954450942674137 0.15076844501882092 0.36663182531037497 0.63863214822088976 0.32723205785467668 -0.70204473330449613 1.66585873606318 1 CAMERA 1 3
4 1 0.76563789637999546 -0.085907415651622215 -0.47355321667736938 -0.42680894852075374 -0.36660991154474237 -2.4322343387253516 2.9331827583679342 1 CAMERA 1 4
5 1 0.13200727587383385 -0.12984109917827413 0.81257754583390918 0.55266002215384502 0.54508241568527371 -2.5345294623866557 3.1809015802708642 1 CAMERA 1 5
6 1 0.088240136198357327 -0.1085130796649821 0.73765303870900301 0.66053507430619518 0.52216591657164901 -2.0959709590895672 2.5337980886847431 1 CAMERA 1 6
7 1 0.68878307744221079 -0.15787715862424639 0.59115238629108646 0.3888335520455074 0.2865731961439138 -2.6511987882126071 3.3375227626988968 1 CAMERA 1 7
8 1 0.55275857724140243 0.28041666017607253 -0.26504640045943656 -0.73863039308253065 -0.16445140934437288 0.28240170360193478 1.5785383842010801 1 CAMERA 1 8
9 1 -0.27792425237259949 -0.022676805225764894 0.81958267369595472 0.50052783481568197 0.27217239500506096 -2.6427961337871673 3.3193553634121051 1 CAMERA 1 9
10 1 0.87489137602075195 0.022893341755232593 -0.27543548963329778 -0.39771379925551853 -0.49904425288934778 -1.9128368672321971 2.3411164820203885 1 CAMERA 1 10
11 1 0.47239748525866232 -0.20484138084805845 0.74814526593329012 0.418520352760961 0.48178785685043857 -2.7680152677517516 3.7801845889022196 1 CAMERA 1 11
12 1 0.9345162120248216 0.11905838052127433 -0.12368934587983586 -0.31177796138638247 -0.55228277651595481 -1.5012007400618166 2.0429704176780512 1 CAMERA 1 12
13 1 0.79836073994001244 0.10534399748225873 0.38079341702381486 0.45444377503517525 0.12902161363815495 -1.48098766695991 1.9740716943189411 1 CAMERA 1 13
14 1 0.52460167412902559 0.03707004521577318 0.4718515795937363 0.70765456409438932 0.47407768895105101 -1.0822217428306757 1.813675704942235 1 CAMERA 1 14
15 1 0.54320842015768445 0.0085621783652396581 -0.62721446622978549 -0.55808002537585921 -0.056447266048395735 -2.1918922604803566 2.5666873921305027 1 CAMERA 1 15
16 1 0.71693205376662572 0.10585528392917556 -0.39388613360016023 -0.56538199732902572 -0.30498798286700068 -1.3937915680491322 1.9353269085617546 1 CAMERA 1 16
17 1 0.92955169208668431 -0.29591681608827791 -0.12628248846685439 -0.18005449953160618 -0.55370788482466593 -2.8139299684703487 4.1004460563727987 1 CAMERA 1 17
18 1 0.76847169866556098 0.042421563047673243 0.43473046912253255 0.46761210266112885 0.18872710374007468 -1.7808403863981441 2.1825505226595574 1 CAMERA 1 18
19 1 0.69057138974986143 -0.013765896597081845 -0.51571665227751495 -0.50691023891167997 -0.26086327961612904 -2.160012939553829 2.5459723315294225 1 CAMERA 1 19
20 1 -0.041724054219320295 -0.10059083971771184 0.72769340108007352 0.67720225951255097 0.45542574292563298 -1.9925065208355264 2.4114787059336065 1 CAMERA 1 20
21 1 0.67442045559974828 -0.11440898998474422 -0.5917297147706011 -0.42652500130332549 -0.25089946029213694 -2.6253922371219089 3.2670317663131656 1 CAMERA 1 21
22 1 0.74252383925613252 0.17085209595290832 0.35055572997151757 0.54459029520270341 0.20379901336428591 -0.89946786545067314 1.7114112959517558 1 CAMERA 1 22
23 1 -0.28737893525372099 -0.01753279361823214 0.82080848029142905 0.49333496470659055 0.26337268194251973 -2.6595909648131824 3.3565635956380895 1 CAMERA 1 23
24 1 0.50127820883635477 -0.1073186111023503 0.65089206679726319 0.55994856052789832 0.48513102129017932 -2.2884328617303957 2.7549423919258209 1 CAMERA 1 24
25 1 -0.20107537786188304 -0.099688766336849352 0.66789594912052319 0.70960964158636786 0.33325705000296713 -1.6909224437347983 2.130754048989457 1 CAMERA 1 25
26 1 0.87318788926004898 0.013943527992945126 0.37497793412110936 0.31103060460179061 -0.016864078739271756 -2.0970622955832097 2.4612950495660675 1 CAMERA 1 26
27 1 -0.10569894248709427 -0.08779772548098129 0.78100055999549922 0.60922690210150177 0.41905153041199728 -2.3114361516098572 2.7683815481274521 1 CAMERA 1 27
28 1 0.89572349827035036 -0.2909277987513173 0.32725467320637541 0.077102590258871007 -0.20708700089812399 -2.8744690133461845 4.2535947266083785 1 CAMERA 1 28
29 1 0.92957435749915274 0.010579906804089627 -0.18555801276880732 -0.31835169757572424 -0.54658931813523026 -2.0001473859778289 2.4364601782432085 1 CAMERA 1 29
30 1 0.96033016874405552 -0.25816235064365656 0.071704560738159923 -0.077308626164893923 -0.46659792455861138 -2.8054263152358492 3.9437399157463684 1 CAMERA 1 30
31 1 0.9205560053221028 -0.19814339874858172 -0.22119268690441168 -0.25375111794390198 -0.55304439949151152 -2.6761574830995238 3.5094885828710476 1 CAMERA 1 31
32 1 0.5254930295988689 0.030548541614943154 -0.61674797839303075 -0.58527411833799037 -0.033438577768757742 -2.0537253134403071 2.4157434776798734 1 CAMERA 1 32
33 1 -0.21699774098187849 -0.05658981992498089 0.79722764413640357 0.5604798445210496 0.32941759762279044 -2.4681439354019488 2.9896495379873955 1 CAMERA 1 33
34 1 0.96095640024768336 -0.09098096607361808 -0.12263862959356223 -0.23074884001168552 -0.55941403756525221 -2.4044228275709041 2.9466844954623888 1 CAMERA 1 34
35 1 0.64017000910972532 0.044468408890871246 -0.51317532285970247 -0.56996140926821404 -0.19159627122131981 -1.8381558382944085 2.2253236600018496 1 CAMERA 1 35
36 1 -0.30447293849982099 -0.088665954221636423 0.65676587537713915 0.68417334296459642 0.22883045285665218 -1.748709224440459 2.1710683621156446 1 CAMERA 1 36
37 1 -0.030877180668601529 -0.10209997067706043 0.70031416388897283 0.70582027992839014 0.45821908095183794 -1.8253542444743407 2.2643253029017769 1 CAMERA 1 37
38 1 0.63469850902302405 0.22024438702755217 -0.32308920187343221 -0.66653100472490912 -0.23414571635935227 -0.42711984604918263 1.6004036875008614 1 CAMERA 1 38
39 1 0.63600334844147866 -0.11358700450212542 -0.63240046411849327 -0.42739605304936507 -0.1972954928223003 -2.6677434159968247 3.354656170642861 1 CAMERA 1 39
40 1 0.98719012966854403 0.11173130380073458 0.051845281458168607 -0.10140922259101706 -0.50357228685565825 -1.6814919327456284 2.1515143301782138 1 CAMERA 1 40
41 1 -0.38767018804066394 -0.17421953079902347 0.44756446691754848 0.78679440030130809 0.096994867746228383 -0.49931577276899169 1.6018751810014555 1 CAMERA 1 41
42 1 -0.05174249289093244 -0.098720476905796578 0.74599873802883732 0.65655377900694933 0.45071654808168693 -2.1020726619586023 2.5223981634056409 1 CAMERA 1 42
43 1 0.81748587269967976 -0.33243002089171925 0.45217867026416619 0.12938925498087028 -0.039035719919297975 -2.8844779702847845 4.5927889977853038 1 CAMERA 1 43
44 1 0.44342840828728486 -0.24510165995452415 0.7873985049324792 0.35114102215696552 0.48704492617082784 -2.8423269299950253 4.2865903648395882 1 CAMERA 1 44
45 1 -0.26004656473539717 -0.066296187865863235 0.73759125121093416 0.61962871607185999 0.28378917700617945 -2.1863284519494885 2.5853784314727188 1 CAMERA 1 45
46 1 -0.29495546571430381 -0.20520613424251061 0.35470584200542576 0.86317754915296829 0.17558266885125831 0.26388473848373462 1.5777425950732469 1 CAMERA 1 46
47 1 0.55184681858317775 -0.15087882831714464 0.6684612414497535 0.47524755303391658 0.43853413526378704 -2.5697222393218464 3.2024889895521431 1 CAMERA 1 47
48 1 0.88577155128696794 -0.26669058996316214 0.3630352261482776 0.11176006769525502 -0.15493659129669626 -2.8646726056252829 4.110073395656018 1 CAMERA 1 48
49 1 0.61100101443224719 0.16240163545415059 -0.40413647447423839 -0.66104249421963446 -0.17696221032839213 -0.89697851535281203 1.7107301925084064 1 CAMERA 1 49
50 1 0.96581255249522635 0.18239709180507377 -0.00078182185205037528 -0.18421944278033944 -0.54494936235582547 -1.2782717266046446 1.9153226869930247 1 CAMERA 1 50
51 1 -0.12538305967980748 -0.12902157280733784 0.51341142684367147 0.83907164704928272 0.37089340420207334 -0.62633813278470651 1.6538753741032342 1 CAMERA 1 51
52 1 0.975483727710592 -0.05128892252564074 -0.071462497451501975 -0.2017276749878423 -0.55274858284006467 -2.2879189673060463 2.7710183041843646 1 CAMERA 1 52
53 1 0.8147978870764484 -0.17328322073026575 -0.42876262718864266 -0.34962828569123833 -0.44680720851428402 -2.6663991008016574 3.4249117800058113 1 CAMERA 1 53
54 1 0.9476414409147047 -0.28108390414478568 0.14802272390381632 -0.032508637312594006 -0.4046073359788086 -2.8402645192375799 4.1135710466823854 1 CAMERA 1 54
55 1 0.28731512849120494 -0.18163410040365519 0.82533254534743694 0.45087166699733805 0.55488727019990924 -2.7520142548991644 3.7773448240100005 1 CAMERA 1 55
56 1 -0.12813464903198588 -0.075634019908068187 0.82269427226498582 0.54866669402505286 0.4069239566201926 -2.5344785303370245 3.1294905663659662 1 CAMERA 1 56
57 1 0.18945593541957401 -0.03578381289845884 0.39223611511547596 0.89943137440710919 0.54621520125017309 0.04718294711718464 1.6127018347370166 1 CAMERA 1 57
58 1 0.96763178571389163 0.22519988450396899 0.063653420973937225 -0.094456240100160849 -0.50472678994710796 -1.1090333118978593 1.8293314728152021 1 CAMERA 1 58
59 1 -0.36997570794941897 -0.079300977061168468 0.64398684466071954 0.66491373460652814 0.15715145611484096 -1.7884477134425345 2.1938600272339994 1 CAMERA 1 59
60 1 0.6201527895750083 0.16085852276420248 0.34920437668798815 0.68380651981273766 0.36838805784031586 -0.44165954847268468 1.6167172245658368 1 CAMERA 1 60
61 1 0.86139917780466857 0.02907781146102098 0.38013811634331868 0.33562024650046351 0.0094801189607248756 -2.0117470290328696 2.3751034697206621 1 CAMERA 1 61
62 1 -0.44080254639652461 -0.11588029273113158 0.54513081472313851 0.70363148571263801 0.0578730774086052 -1.2949908270664463 1.8633578472828796 1 CAMERA 1 62
63 1 0.94862576320148773 -0.1225659214157587 0.27288999740307052 0.10304273683891205 -0.25410067519358026 -2.6075802068629521 3.2305803870097112 1 CAMERA 1 63
64 1 0.98845351295558903 0.018530978449876275 0.14992357563505562 0.01179733157307516 -0.40907401152731759 -2.1256157250998564 2.5337899683125955 1 CAMERA 1 64
65 1 -0.3741764283029938 -0.035141613001605065 0.71989945949210055 0.58352535142960293 0.1604320399917285 -2.2748818937195141 2.680713785416569 1 CAMERA 1 65
66 1 0.76985549539215115 -0.13157010135309333 0.51920417860879309 0.34704300246455183 0.16832425194751011 -2.5996608554384548 3.2003075866720399 1 CAMERA 1 66
67 1 0.53305399658358232 -0.26758183344931186 0.73764364018939377 0.31644155735667112 0.41487699392306959 -2.8575240862460181 4.3731895518234944 1 CAMERA 1 67
68 1 0.98279145706476911 -0.15264520147864202 0.073781921153594401 -0.073325455995429847 -0.46968548802554694 -2.6286372240259306 3.3470295397982772 1 CAMERA 1 68
69 1 -0.40199416995756582 -0.14951030622872466 0.49532173510034139 0.75544935924832701 0.091907519470713975 -0.85580282042696776 1.6904270107516028 1 CAMERA 1 69
70 1 0.9531417909050508 0.28410317117875905 0.098808975326388437 -0.032293977014827772 -0.46628099606144041 -0.80725954347661044 1.710629286840972 1 CAMERA 1 70
71 1 -0.2058875995560269 -0.081329981424110465 0.72990738206922012 0.64670777331919294 0.33524033555436944 -2.0788414618220923 2.4819052404392203 1 CAMERA 1 71
72 1 0.92519623713479593 -0.24810208304260226 -0.18537865167575091 -0.21929896188631814 -0.55670214091367953 -2.7606644683303876 3.8061681258643731 1 CAMERA 1 72
73 1 0.61770873419260675 -0.097919787357186788 -0.64309185964957927 -0.4419055272323904 -0.16856813183124644 -2.6365989707267272 3.2779206847892977 1 CAMERA 1 73
74 1 0.61889613268739807 -0.20192211177603417 0.65712426208916119 0.37997729128760421 0.35804233899005311 -2.7632589711335922 3.6853539495684551 1 CAMERA 1 74
75 1 -0.015676220547058903 -0.10907797980120493 0.51716393422167928 0.84876246121762611 0.45624870624652586 -0.6370450957157312 1.6710113767556354 1 CAMERA 1 75
76 1 0.73561330591083207 0.088650774194245135 0.41393259765478008 0.5288420454166477 0.23850693853752794 -1.4121514786622964 1.9426418393008773 1 CAMERA 1 76
77 1 0.6276276226565316 -0.025920254342576107 -0.5852368063997917 -0.51274709958058196 -0.17267237593605647 -2.2930034416115093 2.7015551213990414 1 CAMERA 1 77
78 1 0.99454278824408138 -0.016323360687897574 0.079171326651922586 -0.065955221807797865 -0.47039679506961252 -2.2292759823340571 2.6696449326234952 1 CAMERA 1 78
79 1 0.92670911960017366 0.14591604908736122 0.26176295567149677 0.22671318732426604 -0.19394123110276426 -1.5335400164219448 2.0055735850759104 1 CAMERA 1 79
80 1 0.95444105901439602 -0.20214573167457617 0.21741597494255105 0.030160601336985865 -0.3338281660241606 -2.7619419717734162 3.6706423347245325 1 CAMERA 1 80
81 1 0.63135571151662984 -0.1857206988853454 0.64215616789104812 0.39310716551641894 0.34933857739933327 -2.7216373624667689 3.5439155174829353 1 CAMERA 1 81
82 1 -0.39106582333761536 -0.11772212275890209 0.56025994309456206 0.72063709299070167 0.11813924173232032 -1.275787774028559 1.8555224363067686 1 CAMERA 1 82
83 1 -0.42121280377565018 -0.035070912712955607 0.6858213006578574 0.5924516423986862 0.10182813734402248 -2.176744830077864 2.5612761484200957 1 CAMERA 1 83
84 1 0.96771429593761427 0.070142187423465091 0.21565517731246905 0.11000890636555984 -0.31104744720770333 -1.9250383930652446 2.3151811831161511 1 CAMERA 1 84
85 1 0.54002446339253385 -0.018551653591319134 0.54208902779244439 0.64355955515684493 0.46815252828144094 -1.6448090160536062 2.1226370200071001 1 CAMERA 1 85
86 1 -0.38908608605064804 -0.064176149040983302 0.6607649141017804 0.63865731642886858 0.13754270735824192 -1.9395433977163121 2.3182017845271052 1 CAMERA 1 86
87 1 -0.24767936431893819 -0.056325723661966878 0.77172413341370782 0.58303019411638024 0.29840250184913503 -2.365617797103464 2.8224603343352945 1 CAMERA 1 87
88 1 0.90638256099391601 -0.06021163445322264 0.35413297085166368 0.22233994503542626 -0.10317324321407061 -2.4193608063163201 2.8714904765643916 1 CAMERA 1 88
89 1 0.64261513038430229 -0.05045837677600213 -0.58898350216120854 -0.48744043799854664 -0.19451925215363244 -2.4032449560037907 2.8560983912834943 1 CAMERA 1 89
90 1 0.32720357434747399 -0.097804862940480963 0.67414631237882117 0.65490364117591204 0.55473765419703402 -2.0128174587838763 2.4489717502827233 1 CAMERA 1 90
91 1 0.0559001536803704 -0.11780884171980144 0.83242051490199587 0.53858363881707916 0.51650328821333102 -2.5807986922879427 3.2655176502708372 1 CAMERA 1 91
92 1 -0.19658643477574106 -0.048190180120280479 0.84124339546120774 0.50133923624132615 0.35150602913832385 -2.6583906400352801 3.3789947249883165 1 CAMERA 1 92
93 1 0.88888775716024671 -0.044274119780228424 -0.2804750202075188 -0.35951650939547158 -0.51300967335276926 -2.2128474809617598 2.6621841018648955 1 CAMERA 1 93
94 1 -0.19115675477356894 -0.053069892052853777 0.83261108966840769 0.51710874583894151 0.35502380217223201 -2.6171428574044007 3.2836202451212975 1 CAMERA 1 94
95 1 0.88868504064771514 -0.23925876136099442 -0.28740102578521615 -0.26532017265669267 -0.53699107083949216 -2.7542267289621578 3.7629473474392512 1 CAMERA 1 95
96 1 0.95469656968492833 -0.27597471272177443 0.088160064963836493 -0.067972205463240468 -0.45324860615049706 -2.8255528785699413 4.0556522642339017 1 CAMERA 1 96
97 1 0.92500783761453487 -0.22823000793015186 -0.19702651941803961 -0.23119713336868611 -0.55630662652389462 -2.7305719485078854 3.6873138720924081 1 CAMERA 1 97
98 1 0.16150466049200729 -0.053453597686605535 0.43271637468500118 0.88533355104908884 0.53757813183687142 -0.1850688147774841 1.6163515911801354 1 CAMERA 1 98
99 1 0.76784064165477173 0.16686638338468052 0.34892273587155914 0.5107144833575914 0.16649721726405767 -1.0128477015855277 1.7502696710665078 1 CAMERA 1 99
100 1 0.81845935267243808 -0.058757953186306201 0.45266032182900706 0.34895619209584083 0.095772134526300803 -2.3579607287916717 2.7811974799198262 1 CAMERA 1 100
